1	4	6.5
1	5	6.4
1	6	6
1	7	5
1	8	6.14
1	9	4.16
1	10	2.07
1	11	19.27
1	12	1.45
1	13	15.19
1	14	0.12
1	15	0.08
2	4	6.2
2	5	6.5
2	6	5.7
2	7	5.6
2	8	51.48
2	9	19.8
2	10	5.57
2	11	37.06
2	12	1.83
2	13	25.94
2	14	0.32
2	15	0.11
3	4	6.5
3	5	7
3	6	5.7
3	7	6.2
3	8	5.94
3	9	2.18
3	10	2.99
3	11	19.64
3	12	3.26
3	13	8.15
3	14	0.2
3	15	0.2
4	4	6.7
4	5	5.7
4	6	6.2
4	7	5
4	8	55.44
4	9	3.17
4	10	5.54
4	11	48.92
4	12	1.22
4	13	27.05
4	14	0.32
4	15	0.07
5	4	6.8
5	5	6.7
5	6	6
5	7	6
5	8	10.49
5	9	4.55
5	10	1.53
5	11	27.49
5	12	0.56
5	13	13.34
5	14	0.15
5	15	0.06
